[{"P": [[-0.849854513348142, -4.3669684721324116e-07, -0.5270173679695972, 53.51548404888836], [0.1033568659013599, -0.9805803819902, -0.16666978375652955, 4.019726340514637], [-0.5167829641316098, -0.19611611723407024, 0.8333509421596631, -12.13083402043354]], "K": [[415.69219381653056, 0.0, 300.0], [0.0, 415.69219381653056, 240.0], [0.0, 0.0, 1.0]]}, {"P": [[-0.9759231342864215, 4.277580563499253e-08, 0.21811473119568453, 29.413216935046258], [-0.042775835187675505, -0.9805804273789336, -0.19139415744232804, 10.843786957697251], [0.21387918119004937, -0.19611589029113416, 0.956971810708911, -46.55346937828467]], "K": [[415.69219381653056, 0.0, 300.0], [0.0, 415.69219381653056, 240.0], [0.0, 0.0, 1.0]]}, {"P": [[-0.7086720130654505, 2.7796395151233224e-07, -0.7055380768588503, 48.672656423567126], [0.13836708819710009, -0.9805804441154834, -0.13898208858864464, -4.7249124463923735], [-0.6918371509549128, -0.1961158066079151, 0.6949101516255171, 31.74617522710941]], "K": [[415.69219381653056, 0.0, 300.0], [0.0, 415.69219381653056, 240.0], [0.0, 0.0, 1.0]]}]